50
0 117 142 154 150 152 160 78 182 34 155 143 130 50 29 156 180 171 96 25 21 16 174 172 52 158 50 165 167 50 196 115 133 200 182 52 192 40 182 49 128 27 120 102 115 19 79 52 186 55
117 0 66 162 55 68 165 46 133 11 107 177 83 84 83 179 35 176 155 145 24 98 106 45 165 164 88 93 190 28 33 193 136 135 49 85 91 45 103 66 153 150 134 64 57 91 12 21 28 45
142 66 0 183 150 163 100 134 184 34 33 57 139 95 173 148 36 16 186 144 36 114 113 150 59 180 171 66 103 128 116 150 89 53 194 62 174 114 188 162 110 148 55 159 125 27 149 173 96 57
154 162 183 0 93 160 58 143 112 19 33 174 88 112 10 58 192 59 186 153 43 91 179 128 162 27 62 121 194 96 187 50 108 110 89 39 19 140 100 86 118 168 140 150 12 161 193 103 148 173
150 55 150 93 0 70 90 76 187 83 92 156 191 58 95 11 97 45 63 168 183 118 88 121 128 129 65 122 127 75 35 16 172 78 31 39 70 130 180 93 198 128 75 183 64 134 105 25 118 163
152 68 163 160 70 0 37 154 86 30 74 18 25 119 18 164 14 69 67 25 135 33 52 98 101 60 61 197 126 165 16 56 80 76 160 19 200 73 194 19 87 86 109 156 10 31 29 127 12 43
160 165 100 58 90 37 0 140 52 137 62 58 200 119 177 15 176 149 41 96 164 112 177 174 199 153 131 189 166 18 180 106 125 129 159 46 144 185 67 177 51 197 180 124 118 106 15 158 176 75
78 46 134 143 76 154 140 0 151 50 19 189 106 141 184 68 170 65 106 95 146 17 113 87 196 114 57 112 112 142 110 107 55 87 64 72 89 147 162 146 103 147 190 46 103 125 12 156 164 194
182 133 184 112 187 86 52 151 0 46 89 74 47 146 185 41 154 120 134 65 63 152 97 100 169 56 105 125 126 140 66 126 190 139 44 134 77 184 161 108 127 12 99 155 199 188 35 121 166 33
34 11 34 19 83 30 137 50 46 0 175 112 113 15 178 115 73 42 171 137 53 84 125 173 88 73 114 179 83 99 128 88 136 161 145 124 87 29 17 134 180 80 17 104 97 29 158 71 131 25
155 107 33 33 92 74 62 19 89 175 0 79 109 11 110 149 21 184 94 96 99 76 49 192 107 43 69 186 174 156 72 174 65 126 188 67 138 66 18 59 93 109 46 65 195 138 54 117 135 126
143 177 57 174 156 18 58 189 74 112 79 0 70 129 137 79 189 57 104 92 133 59 58 99 108 55 185 193 61 66 185 147 133 151 15 154 113 162 40 41 12 144 86 82 29 111 84 116 93 39
130 83 139 88 191 25 200 106 47 113 109 70 0 187 17 74 133 66 119 115 44 132 47 70 140 91 142 69 122 72 81 30 32 103 191 27 184 77 132 36 142 91 153 105 93 192 72 96 158 69
50 84 95 112 58 119 119 141 146 15 11 129 187 0 200 96 57 192 156 35 11 128 151 88 63 165 143 31 77 149 124 155 129 159 186 44 85 131 105 56 150 23 153 39 197 115 43 11 76 45
29 83 173 10 95 18 177 184 185 178 110 137 17 200 0 145 32 54 121 132 48 134 189 173 76 117 185 53 123 171 58 22 186 117 125 82 119 138 185 36 80 66 161 131 170 130 51 187 73 89
156 179 148 58 11 164 15 68 41 115 149 79 74 96 145 0 134 112 59 90 89 198 148 53 58 16 181 183 71 63 76 13 176 182 121 117 100 182 69 117 158 50 32 167 193 174 191 84 177 159
180 35 36 192 97 14 176 170 154 73 21 189 133 57 32 134 0 158 109 199 103 122 117 50 107 62 105 25 125 75 200 33 83 40 41 13 27 80 60 139 70 179 194 152 195 104 14 151 110 177
171 176 16 59 45 69 149 65 120 42 184 57 66 192 54 112 158 0 57 152 177 87 108 184 146 153 200 100 193 86 10 174 144 197 56 144 171 126 113 177 25 100 60 96 145 51 15 131 159 59
96 155 186 186 63 67 41 106 134 171 94 104 119 156 121 59 109 57 0 154 190 112 83 57 71 146 150 22 66 60 18 108 58 102 35 63 97 117 123 28 66 138 133 182 173 180 169 78 186 145
25 145 144 153 168 25 96 95 65 137 96 92 115 35 132 90 199 152 154 0 93 68 95 44 16 181 88 20 29 10 68 26 41 42 19 86 55 32 59 114 144 35 52 122 161 72 16 100 192 28
21 24 36 43 183 135 164 146 63 53 99 133 44 11 48 89 103 177 190 93 0 143 67 61 112 99 162 157 47 98 90 114 141 144 149 88 125 155 159 25 56 108 139 85 149 166 70 138 60 91
16 98 114 91 118 33 112 17 152 84 76 59 132 128 134 198 122 87 112 68 143 0 108 160 158 46 148 143 38 161 92 100 22 54 68 103 44 140 151 166 72 53 197 63 125 31 168 66 46 98
174 106 113 179 88 52 177 113 97 125 49 58 47 151 189 148 117 108 83 95 67 108 0 166 19 125 95 10 72 94 62 92 35 198 157 182 117 127 176 128 111 191 28 131 98 13 129 67 64 44
172 45 150 128 121 98 174 87 100 173 192 99 70 88 173 53 50 184 57 44 61 160 166 0 143 38 113 33 103 70 180 82 81 82 25 70 120 78 93 182 131 62 56 101 62 13 51 84 28 160
52 165 59 162 128 101 199 196 169 88 107 108 140 63 76 58 107 146 71 16 112 158 19 143 0 167 134 50 66 18 137 94 152 12 107 21 114 39 81 28 137 118 152 147 90 20 14 89 121 24
158 164 180 27 129 60 153 114 56 73 43 55 91 165 117 16 62 153 146 181 99 46 125 38 167 0 12 24 192 61 144 65 67 121 27 177 128 31 37 15 172 191 38 175 117 157 161 119 197 37
50 88 171 62 65 61 131 57 105 114 69 185 142 143 185 181 105 200 150 88 162 148 95 113 134 12 0 92 52 27 188 129 113 79 154 14 75 184 144 121 23 137 95 50 122 178 98 137 96 186
165 93 66 121 122 197 189 112 125 179 186 193 69 31 53 183 25 100 22 20 157 143 10 33 50 24 92 0 28 193 166 39 155 50 55 25 59 121 151 60 112 69 63 16 114 97 12 139 61 80
167 190 103 194 127 126 166 112 126 83 174 61 122 77 123 71 125 193 66 29 47 38 72 103 66 192 52 28 0 77 41 119 93 130 43 59 116 174 158 47 68 91 12 18 113 82 147 113 61 166
50 28 128 96 75 165 18 142 140 99 156 66 72 149 171 63 75 86 60 10 98 161 94 70 18 61 27 193 77 0 115 141 82 102 21 134 105 186 13 142 155 89 64 31 198 143 31 143 23 76
196 33 116 187 35 16 180 110 66 128 72 185 81 124 58 76 200 10 18 68 90 92 62 180 137 144 188 166 41 115 0 108 138 47 162 180 116 154 43 72 163 198 15 100 168 134 15 118 61 95
115 193 150 50 16 56 106 107 126 88 174 147 30 155 22 13 33 174 108 26 114 100 92 82 94 65 129 39 119 141 108 0 127 52 34 88 101 66 45 167 141 66 197 176 14 36 116 56 156 148
133 136 89 108 172 80 125 55 190 136 65 133 32 129 186 176 83 144 58 41 141 22 35 81 152 67 113 155 93 82 138 127 0 64 13 91 100 63 187 63 145 183 152 200 41 12 32 149 31 16
200 135 53 110 78 76 129 87 139 161 126 151 103 159 117 182 40 197 102 42 144 54 198 82 12 121 79 50 130 102 47 52 64 0 160 57 139 78 177 181 136 191 172 40 10 60 37 127 37 115
182 49 194 89 31 160 159 64 44 145 188 15 191 186 125 121 41 56 35 19 149 68 157 25 107 27 154 55 43 21 162 34 13 160 0 25 194 164 151 112 174 32 68 132 197 23 111 199 174 102
52 85 62 39 39 19 46 72 134 124 67 154 27 44 82 117 13 144 63 86 88 103 182 70 21 177 14 25 59 134 180 88 91 57 25 0 83 178 14 178 184 77 99 19 43 200 148 83 25 122
192 91 174 19 70 200 144 89 77 87 138 113 184 85 119 100 27 171 97 55 125 44 117 120 114 128 75 59 116 105 116 101 100 139 194 83 0 161 18 54 132 119 65 152 197 124 136 146 81 116
40 45 114 140 130 73 185 147 184 29 66 162 77 131 138 182 80 126 117 32 155 140 127 78 39 31 184 121 174 186 154 66 63 78 164 178 161 0 32 162 126 80 106 109 50 52 123 20 146 80
182 103 188 100 180 194 67 162 161 17 18 40 132 105 185 69 60 113 123 59 159 151 176 93 81 37 144 151 158 13 43 45 187 177 151 14 18 32 0 165 194 183 107 52 168 199 67 65 156 92
49 66 162 86 93 19 177 146 108 134 59 41 36 56 36 117 139 177 28 114 25 166 128 182 28 15 121 60 47 142 72 167 63 181 112 178 54 162 165 0 97 189 189 195 173 111 47 91 126 33
128 153 110 118 198 87 51 103 127 180 93 12 142 150 80 158 70 25 66 144 56 72 111 131 137 172 23 112 68 155 163 141 145 136 174 184 132 126 194 97 0 17 62 70 105 69 30 30 110 139
27 150 148 168 128 86 197 147 12 80 109 144 91 23 66 50 179 100 138 35 108 53 191 62 118 191 137 69 91 89 198 66 183 191 32 77 119 80 183 189 17 0 26 14 45 199 132 142 42 128
120 134 55 140 75 109 180 190 99 17 46 86 153 153 161 32 194 60 133 52 139 197 28 56 152 38 95 63 12 64 15 197 152 172 68 99 65 106 107 189 62 26 0 97 94 134 44 95 190 166
102 64 159 150 183 156 124 46 155 104 65 82 105 39 131 167 152 96 182 122 85 63 131 101 147 175 50 16 18 31 100 176 200 40 132 19 152 109 52 195 70 14 97 0 176 150 163 164 158 48
115 57 125 12 64 10 118 103 199 97 195 29 93 197 170 193 195 145 173 161 149 125 98 62 90 117 122 114 113 198 168 14 41 10 197 43 197 50 168 173 105 45 94 176 0 135 190 31 185 181
19 91 27 161 134 31 106 125 188 29 138 111 192 115 130 174 104 51 180 72 166 31 13 13 20 157 178 97 82 143 134 36 12 60 23 200 124 52 199 111 69 199 134 150 135 0 158 161 46 75
79 12 149 193 105 29 15 12 35 158 54 84 72 43 51 191 14 15 169 16 70 168 129 51 14 161 98 12 147 31 15 116 32 37 111 148 136 123 67 47 30 132 44 163 190 158 0 67 153 171
52 21 173 103 25 127 158 156 121 71 117 116 96 11 187 84 151 131 78 100 138 66 67 84 89 119 137 139 113 143 118 56 149 127 199 83 146 20 65 91 30 142 95 164 31 161 67 0 96 167
186 28 96 148 118 12 176 164 166 131 135 93 158 76 73 177 110 159 186 192 60 46 64 28 121 197 96 61 61 23 61 156 31 37 174 25 81 146 156 126 110 42 190 158 185 46 153 96 0 20
55 45 57 173 163 43 75 194 33 25 126 39 69 45 89 159 177 59 145 28 91 98 44 160 24 37 186 80 166 76 95 148 16 115 102 122 116 80 92 33 139 128 166 48 181 75 171 167 20 0
