20
0 157 54 26 70 128 89 181 101 53 140 57 51 11 76 173 53 41 17 130
157 0 130 142 14 97 161 175 51 187 64 193 30 93 149 124 154 14 167 111
54 130 0 88 97 102 128 13 88 84 165 119 70 186 166 81 59 54 163 197
26 142 88 0 17 157 155 158 61 13 47 73 45 36 175 103 125 135 87 61
70 14 97 17 0 104 154 50 97 46 112 149 192 109 97 112 131 10 102 148
128 97 102 157 104 0 142 28 35 14 200 174 126 39 194 181 66 173 145 95
89 161 128 155 154 142 0 97 185 177 44 114 36 178 80 76 40 112 101 134
181 175 13 158 50 28 97 0 156 93 24 113 26 129 172 76 113 106 187 70
101 51 88 61 97 35 185 156 0 154 192 53 53 153 195 19 172 113 97 114
53 187 84 13 46 14 177 93 154 0 134 100 45 18 17 54 184 88 29 82
140 64 165 47 112 200 44 24 192 134 0 164 71 89 19 54 195 182 166 89
57 193 119 73 149 174 114 113 53 100 164 0 35 174 134 190 140 75 199 112
51 30 70 45 192 126 36 26 53 45 71 35 0 98 88 143 74 51 143 184
11 93 186 36 109 39 178 129 153 18 89 174 98 0 119 145 76 136 48 97
76 149 166 175 97 194 80 172 195 17 19 134 88 119 0 115 127 140 15 70
173 124 81 103 112 181 76 76 19 54 54 190 143 145 115 0 192 105 17 116
53 154 59 125 131 66 40 113 172 184 195 140 74 76 127 192 0 44 118 192
41 14 54 135 10 173 112 106 113 88 182 75 51 136 140 105 44 0 197 98
17 167 163 87 102 145 101 187 97 29 166 199 143 48 15 17 118 197 0 169
130 111 197 61 148 95 134 70 114 82 89 112 184 97 70 116 192 98 169 0
