30
0 28 162 199 57 98 188 149 168 105 88 199 193 185 163 43 189 187 97 69 107 46 172 16 187 66 126 13 124 27
28 0 85 33 139 91 195 14 116 75 78 98 104 66 105 134 172 73 99 161 137 188 57 86 114 156 95 49 126 65
162 85 0 20 24 94 117 25 106 28 47 86 25 123 135 20 179 148 134 151 110 69 40 137 153 189 30 76 126 95
199 33 20 0 132 24 30 87 176 89 187 102 70 58 138 78 47 35 117 179 13 23 174 137 62 158 14 91 61 169
57 139 24 132 0 183 64 41 92 122 71 100 161 177 60 11 145 168 137 49 107 36 162 171 95 189 189 86 133 155
98 91 94 24 183 0 54 80 17 181 133 52 143 141 114 108 195 17 100 31 58 140 154 118 103 127 19 146 200 65
188 195 117 30 64 54 0 167 93 194 17 193 100 182 159 26 43 37 115 20 40 18 96 166 192 147 173 196 91 100
149 14 25 87 41 80 167 0 194 12 155 21 145 58 179 39 63 81 108 28 189 28 87 70 49 16 169 37 47 92
168 116 106 176 92 17 93 194 0 183 13 197 178 150 94 33 150 183 46 124 180 27 170 72 170 189 125 38 117 36
105 75 28 89 122 181 194 12 183 0 147 118 153 187 159 144 179 86 167 119 84 99 198 42 200 51 118 41 36 159
88 78 47 187 71 133 17 155 13 147 0 80 142 135 78 44 200 170 88 144 193 185 151 165 162 170 134 189 73 140
199 98 86 102 100 52 193 21 197 118 80 0 10 175 179 28 46 122 109 92 90 19 187 120 130 63 184 193 33 87
193 104 25 70 161 143 100 145 178 153 142 10 0 147 11 78 100 95 145 22 71 158 112 116 173 76 77 45 139 138
185 66 123 58 177 141 182 58 150 187 135 175 147 0 200 49 140 199 108 36 125 91 133 45 199 50 147 46 141 198
163 105 135 138 60 114 159 179 94 159 78 179 11 200 0 189 119 81 152 35 170 181 74 172 56 107 138 34 109 183
43 134 20 78 11 108 26 39 33 144 44 28 78 49 189 0 135 179 147 18 179 46 156 177 48 148 90 48 64 98
189 172 179 47 145 195 43 63 150 179 200 46 100 140 119 135 0 66 55 151 191 135 143 140 191 174 133 194 169 39
187 73 148 35 168 17 37 81 183 86 170 122 95 199 81 179 66 0 38 174 57 13 32 97 163 126 112 158 117 200
97 99 134 117 137 100 115 108 46 167 88 109 145 108 152 147 55 38 0 71 147 94 179 173 28 44 128 183 80 172
69 161 151 179 49 31 20 28 124 119 144 92 22 36 35 18 151 174 71 0 127 41 169 186 65 46 113 122 159 118
107 137 110 13 107 58 40 189 180 84 193 90 71 125 170 179 191 57 147 127 0 88 89 51 116 149 65 11 62 84
46 188 69 23 36 140 18 28 27 99 185 19 158 91 181 46 135 13 94 41 88 0 61 44 36 157 91 61 169 10
172 57 40 174 162 154 96 87 170 198 151 187 112 133 74 156 143 32 179 169 89 61 0 178 86 148 15 91 21 134
16 86 137 137 171 118 166 70 72 42 165 120 116 45 172 177 140 97 173 186 51 44 178 0 66 140 20 164 101 173
187 114 153 62 95 103 192 49 170 200 162 130 173 199 56 48 191 163 28 65 116 36 86 66 0 64 99 146 81 163
66 156 189 158 189 127 147 16 189 51 170 63 76 50 107 148 174 126 44 46 149 157 148 140 64 0 186 113 62 137
126 95 30 14 189 19 173 169 125 118 134 184 77 147 138 90 133 112 128 113 65 91 15 20 99 186 0 171 162 166
13 49 76 91 86 146 196 37 38 41 189 193 45 46 34 48 194 158 183 122 11 61 91 164 146 113 171 0 43 35
124 126 126 61 133 200 91 47 117 36 73 33 139 141 109 64 169 117 80 159 62 169 21 101 81 62 162 43 0 140
27 65 95 169 155 65 100 92 36 159 140 87 138 198 183 98 39 200 172 118 84 10 134 173 163 137 166 35 140 0
